111111111111111111111111111111111111111111111111111111111111111111111111111111
100000000000000000000000000000000000000000000000000000000000000000000000000001
100000000000000000000000000000000000000000000000000000000000000000000000000001
100000000100000000000000000000000000000000000000000000000000000000000000000001
100000000100000000000000000000000000000000000000000000000000000000000000000001
100000000100000000000000000000000000000000000000000000000000000000000000000001
100000000100000000000000000000000000000000000000000000000000000000000000000001
100000000100000000000000000000000000000000000000000000000000000000000000000001
100000000100000000000000000000000000000000000000000000000000000000000000000001
100000000100000000000000000000000000000000000000000000000000000100000000000001
100000000100000000000000000000000000000000000000000000000000000100000000000001
100000000111111111111110000000000000000000000000000000000000000100000000000001
100000000000000000000000000000000000000000000000000000000000000100000000000001
100000000000000000000000000000000000000000000000000000000000000100000000000001
100000000000000000000000000000000000000000000000000000000000000100000000000001
100000000000000000000000000000000000000000000000000000000000000100000000000001
100000000000000000000000000000000000000000000000000000000000000100000000000001
100000000000000000000000000000000000000000000000000000000000000100000000000001
100000000000000000000000000000000000000000000000000000000000000100000000000001
100000000000000000000000000000000000000000000000000000000000000100000000000001
100000000000000000000000000000000000000000000000000000000000000000000000000001
100000000000000000000000000000000000000000000000000000000000000000000000000001
100000000000000000000000000000000000000000000000000000000000000000000000000001
111111111111111111111111111111111111111111111111111111111111111111111111111111